<?xml version="1.0"?>
<opencv_storage>
<camera_matrix type_id="opencv-matrix">
  <rows>3</rows>
  <cols>3</cols>
  <dt>d</dt>
  <data>
    4.8323720045198803e+02 0. 3.2787634339153351e+02 0.
    4.8514246615247600e+02 2.3061857934616000e+02 0. 0. 1.</data></camera_matrix>
<distortion_coefficients type_id="opencv-matrix">
  <rows>1</rows>
  <cols>5</cols>
  <dt>d</dt>
  <data>
    -3.6939539523765980e-01 1.9489586883326132e-01
    5.3769154302828290e-04 5.5188882380967092e-04
    -5.6929300558072153e-02</data></distortion_coefficients>
<rotation_vectors type_id="opencv-matrix">
  <rows>3</rows>
  <cols>1</cols>
  <dt>f</dt>
  <data>
    -1.20492649e+00 1.25931728e+00 1.21129179e+00</data></rotation_vectors>
<translation_vectors type_id="opencv-matrix">
  <rows>3</rows>
  <cols>1</cols>
  <dt>f</dt>
  <data>
    5.51344055e+02 1.43970874e+03 3.52938110e+03</data></translation_vectors>
</opencv_storage>
