<?xml version="1.0"?>
<opencv_storage>
<camera_matrix type_id="opencv-matrix">
  <rows>3</rows>
  <cols>3</cols>
  <dt>d</dt>
  <data>
    4.8904513183343539e+02 0. 3.3018755177000969e+02 0.
    4.8760866449869019e+02 2.2132943035053984e+02 0. 0. 1.</data></camera_matrix>
<distortion_coefficients type_id="opencv-matrix">
  <rows>1</rows>
  <cols>5</cols>
  <dt>d</dt>
  <data>
    -4.0699870085880191e-01 2.9323067938124597e-01
    -1.9215191552997973e-04 3.2027531981744942e-03
    -1.1278102832969396e-01</data></distortion_coefficients>
<rotation_vectors type_id="opencv-matrix">
  <rows>8</rows>
  <cols>3</cols>
  <dt>f</dt>
  <data>
    -1.32457063e-01 -6.06344938e-01 -1.78700134e-01 1.38617620e-01
    8.79064322e-01 -1.14509821e-01 7.88073540e-01 -9.12122607e-01
    2.73671699e+00 8.05797637e-01 -8.76736701e-01 2.53464371e-01
    -8.75759218e-03 -4.21444535e-01 1.10132284e-02 -1.43805034e-02
    1.21696198e+00 2.70055032e+00 9.00623679e-01 3.59265774e-01
    -1.59374118e-01 -1.29725575e+00 -8.80997002e-01 -2.41856408e+00</data></rotation_vectors>
<translation_vectors type_id="opencv-matrix">
  <rows>8</rows>
  <cols>3</cols>
  <dt>f</dt>
  <data>
    -8.23720038e-01 2.20225126e-01 1.49037969e+00 -5.36845326e-01
    -3.93802077e-02 2.06044197e+00 3.81170183e-01 3.94710809e-01
    1.69521630e+00 -4.27717090e-01 -3.75759244e-01 9.58102584e-01
    -5.85951567e-01 -1.96041241e-01 1.04926693e+00 -5.89282587e-02
    4.52257007e-01 1.06448710e+00 -2.40241230e-01 -3.67474735e-01
    1.15366936e+00 3.89370233e-01 2.87216246e-01 8.37717891e-01</data></translation_vectors>
</opencv_storage>
