



Camera rotations: [mat4x4(( -0.726029, -0.104838, 0.679625, 0 ), ( 0.0108735, 0.986437, 0.163782, 0 ), ( 0.687578, -0.126301, 0.715042, 0 ), ( 0, 0, 0, 1 )), mat4x4(( -0.999465, -0.000577673, 0.0326917, 0 ), ( -0.000502453, 0.999997, 0.00230908, 0 ), ( 0.032693, -0.00229142, 0.999463, 0 ), ( 0, 0, 0, 1 )), mat4x4(( 0.229764, 0.0908807, -0.968994, 0 ), ( 0.0179709, 0.995065, 0.097587, 0 ), ( -0.973081, 0.0398356, -0.226997, 0 ), ( 0, 0, 0, 1 )), mat4x4(( -0.64915, 0.0971525, -0.75443, 0 ), ( -0.0128909, 0.990263, 0.138614, 0 ), ( -0.760551, -0.0997067, 0.641577, 0 ), ( 0, 0, 0, 1 ))]
