<?xml version="1.0"?>
<opencv_storage>
<camera_matrix type_id="opencv-matrix">
  <rows>3</rows>
  <cols>3</cols>
  <dt>d</dt>
  <data>
    4.8652005176588602e+02 0. 3.3598074506750720e+02 0.
    4.8774480353983347e+02 2.2866585280235259e+02 0. 0. 1.</data></camera_matrix>
<distortion_coefficients type_id="opencv-matrix">
  <rows>1</rows>
  <cols>5</cols>
  <dt>d</dt>
  <data>
    -3.6491489942628114e-01 1.8121989654726270e-01
    -6.7018293283073623e-05 4.9368324991786452e-05
    -4.9336011871207668e-02</data></distortion_coefficients>
<rotation_vectors type_id="opencv-matrix">
  <rows>3</rows>
  <cols>1</cols>
  <dt>f</dt>
  <data>
    -6.74880028e-01 1.55415785e+00 1.87197518e+00</data></rotation_vectors>
<translation_vectors type_id="opencv-matrix">
  <rows>3</rows>
  <cols>1</cols>
  <dt>f</dt>
  <data>
    7.81845581e+02 7.54303650e+02 3.87587207e+03</data></translation_vectors>
</opencv_storage>
